E2F1
A:	0.165014156	0.337335137	0.061511616	0.011293909	0.00226131	0.00218242	0.005838125	0.001660868	0.001923229	0.600898126	0.34518137
C:	0.119818094	0.017558034	0.033749081	0.025475757	0.007615807	0.991030666	0.00209124	0.968261513	0.889501876	0.246924541	0.047061125
G:	0.125660555	0.021762165	0.058885015	0.962339116	0.986334535	0.004230509	0.989577033	0.02845756	0.080633253	0.053850446	0.045588687
T:	0.589507195	0.623344664	0.845854287	0.000891218	0.003788347	0.002556405	0.002493603	0.001620059	0.027941643	0.098326887	0.562168818